5.197223987035477499e-01
1.130397916421790883e-01
9.565894313904410584e-01
8.500621743912538664e-01
7.492797265867902345e-02
1.828587296464754264e-01
3.980017711567374050e-01
1.475392418120939630e-01
1.000164530115010136e-02
1.908050443323521805e-01
2.742247703868821440e-01
1.618095617409185949e-01
3.409149990635317318e-01
1.020240789034706080e-01
1.092592172504152082e-01
3.315452021479648459e-01
1.619962861599924642e+00
3.148590849025733718e+00
2.690415263105451871e+00
3.894010524338213930e+00
2.749929215666175875e+00
2.527961346167987067e+00
3.108008832429345336e+00
2.354352622135867712e+00
1.021333655485619385e+00
2.306622102077934500e+00
1.588250329311168718e+00
2.072789569245158336e+00
3.588876169035279950e+00
2.887375850305176517e+00
1.037101213846327363e+00
1.890677203254790717e+00
2.636362969530261502e+00
4.372922536415639883e+00
3.223319289594082093e+00
1.001648095022683371e+00
2.278545744055783917e+00
1.000411280384373214e+00
8.358792507927378379e-01
8.715325497426104073e-01
1.305605356971275333e+00
2.080067840589631956e-01
4.304642563205344219e-01
1.467361469901168336e+00
1.060501073166859320e-01
9.754960001077427334e-01
6.351887050337061691e-01
1.080840908210198292e-02
4.690728034759473197e-01
4.334283482384271302e-01
1.594550784708378133e-01
9.701555853561454335e-01
1.092455156013353787e-02
1.287365836115294648e+00
3.811993473977049462e-01
1.189206162635229935e+00
1.481615335156583058e-01
7.935571095343902925e-01
4.623392024545980861e-01
1.488935399378322755e+00
4.999998377408060302e-02
4.995599352361165812e-02
4.997350297840275762e-02
4.815802941135551019e-02
4.458705554214653644e-02
4.991658224753813683e-02
