2.790407538414001465e-01
1.075370684266090393e-01
5.060714483261108398e-01
2.513292431831359863e-01
1.341727674007415771e-01
1.149970442056655884e-01
1.702815592288970947e-01
1.376350373029708862e-01
3.829324245452880859e-02
8.572009205818176270e-02
2.515143156051635742e-01
2.480576932430267334e-01
3.591841459274291992e-01
1.440078765153884888e-01
1.380686163902282715e-01
1.662179231643676758e-01
2.975476264953613281e+00
4.676901340484619141e+00
3.919955730438232422e+00
4.746116638183593750e+00
2.026294708251953125e+00
1.638202548027038574e+00
4.106964111328125000e+00
4.859460830688476562e+00
1.318408846855163574e+00
4.976663112640380859e+00
3.378428697586059570e+00
1.686851024627685547e+00
4.146231174468994141e+00
2.545694351196289062e+00
3.148333311080932617e+00
1.876815080642700195e+00
2.917752504348754883e+00
1.057004928588867188e+00
1.364248394966125488e+00
1.057267546653747559e+00
3.247531414031982422e+00
1.757727146148681641e+00
4.968351721763610840e-01
7.519975900650024414e-01
9.196515083312988281e-01
1.796810030937194824e-01
3.869681954383850098e-01
8.788509368896484375e-01
4.161701202392578125e-01
1.406601309776306152e+00
6.960697174072265625e-01
3.444094061851501465e-01
6.019214987754821777e-01
2.681342065334320068e-01
5.096518993377685547e-01
1.890978664159774780e-01
4.220712482929229736e-01
8.809302449226379395e-01
4.524293541908264160e-01
1.427194625139236450e-01
3.968365192413330078e-01
6.868502497673034668e-01
2.750391662120819092e-01
5.261762142181396484e-01
1.988315768539905548e-02
1.990022882819175720e-02
1.978709921240806580e-02
1.987479813396930695e-02
1.983782649040222168e-02
1.973619684576988220e-02
