2.527058720588684082e-01
1.168211773037910461e-01
5.235285758972167969e-01
2.070900350809097290e-01
1.370895951986312866e-01
1.278295964002609253e-01
1.364899575710296631e-01
1.369159966707229614e-01
4.334732890129089355e-02
1.228097528219223022e-01
2.367007434368133545e-01
2.026413828134536743e-01
2.202240973711013794e-01
1.385006457567214966e-01
1.520046591758728027e-01
2.105404883623123169e-01
2.242838859558105469e+00
4.752739906311035156e+00
3.338214874267578125e+00
4.577430248260498047e+00
2.355411052703857422e+00
1.821346759796142578e+00
4.027738571166992188e+00
4.634223937988281250e+00
1.631190061569213867e+00
4.951237201690673828e+00
1.260453701019287109e+00
2.462729692459106445e+00
3.708953857421875000e+00
2.753332138061523438e+00
1.364597082138061523e+00
2.559184312820434570e+00
2.066708803176879883e+00
1.104386568069458008e+00
1.673725843429565430e+00
1.036124467849731445e+00
2.715147018432617188e+00
1.238771677017211914e+00
4.739131927490234375e-01
7.466213107109069824e-01
8.619234561920166016e-01
2.320887595415115356e-01
2.770927250385284424e-01
8.641279935836791992e-01
4.552954137325286865e-01
1.304516196250915527e+00
6.777032613754272461e-01
1.844999492168426514e-01
6.213254332542419434e-01
3.628881871700286865e-01
3.274020254611968994e-01
4.724908173084259033e-01
7.032014727592468262e-01
5.824676752090454102e-01
4.795530438423156738e-01
1.373524069786071777e-01
4.975492656230926514e-01
6.092581152915954590e-01
3.258168697357177734e-01
4.557095766067504883e-01
4.974587261676788330e-02
4.969400539994239807e-02
4.969564080238342285e-02
4.945279285311698914e-02
4.846831411123275757e-02
4.665034264326095581e-02
