2.959644258589019250e-01
3.994537344320967520e-01
6.401738710495744611e-01
9.265431255201475036e-01
7.785638673443180391e-01
3.788036049777620540e-01
2.467743417959732122e-02
1.570919183686323162e-01
1.400119437485364271e-02
3.524852543148087047e-01
3.738873138056771905e-01
4.767461102647181370e-01
5.595402263040373247e-01
6.086481573504710640e-01
3.783637465060069593e-01
4.989126117117893000e-01
1.030726003682730596e+00
2.487495204673357385e+00
1.780335729483737861e+00
1.639176104710482917e+00
1.145898788322348816e+00
2.815438195947992828e+00
1.939112550771564969e+00
1.685528067084924642e+00
2.147517507768901712e+00
2.550964032223064670e+00
2.192145468597949343e+00
1.224164943207264766e+00
1.025189676095185076e+00
1.637446908646112975e+00
1.006481741817299991e+00
2.520882178991144862e+00
2.973614742203622541e+00
3.046988564752658668e+00
1.266701932517577678e+00
1.000055727933024219e+00
1.194711645798583577e+00
2.706265607270410989e+00
2.487719524602134968e-01
1.027990486278706816e+00
1.139221732370626405e+00
2.213573706861898457e-02
1.411045125095451713e-02
1.071018735194460225e+00
7.931219861723581843e-01
6.921401944934865158e-01
1.455073030835759562e+00
1.448206885649666043e-01
1.326393504707968685e+00
2.608722404887873769e-01
4.837548177691062823e-01
1.665018410558523065e-01
1.488806424541602391e+00
1.027192499987358287e+00
7.688919432633003481e-01
1.378284694268383070e+00
1.731732565691606052e-01
1.624284479419245419e-01
1.736808855161850740e-01
7.120244056254543263e-01
1.258200101807643856e-01
9.674339356018028802e-02
1.378113104139794265e-01
6.119838112535853740e-03
2.093926667462504138e-02
5.519083923655144358e-02
