9.873678060289979852e-01
9.014051584795355065e-01
9.908164852492178376e-01
9.302547914776143623e-01
4.989133377416176129e-01
3.276951884429741280e-01
1.497189032753308037e-02
1.362677038422906439e-01
3.261626819211708994e-02
1.128771973100386322e-01
2.794259089741649160e-01
1.067791445703186459e-01
2.560656839231253423e-01
1.486545992191801446e-01
9.887927999584597560e-02
3.268489109687836014e-02
2.685713642734328221e+00
2.410474668942798271e+00
2.023018949305681158e+00
3.372233159065286312e+00
1.350502386392160803e+00
1.460841259647448043e+00
3.190962077156163090e+00
2.563341947973587054e+00
2.118788462353829782e+00
2.007434136405779057e+00
1.000112611219830194e+00
2.159099265460729722e+00
2.241740548846136605e+00
1.072995129136734116e+00
1.047433117796435553e+00
1.631443725122871280e+00
2.227298681552670079e+00
3.378295799500101282e+00
1.278122523812442513e+00
1.380346971940395795e+00
2.546591210890768231e+00
1.880751943521863367e+00
9.194977739775624936e-01
1.225064679574717541e+00
9.024943463179309067e-01
2.589880423378615459e-01
1.340858016337211252e-02
2.694221427659766466e-01
4.522256166870198268e-01
1.475185409672311376e+00
8.409750631881416361e-01
8.417832495481653021e-02
8.245395307442977550e-01
5.621609868992808456e-01
1.362088508431816558e-01
1.237801893794479913e+00
9.407183757183551487e-02
8.591895464602710142e-01
7.035214707591095351e-01
1.488042697940024528e+00
1.420175400288364517e-02
7.763319767052471176e-01
1.729009330749955720e-01
9.236329119502935114e-01
5.325783918506267305e-03
9.986324466559920454e-03
8.229137471826353245e-03
9.999988273299969047e-03
1.646143089612522783e-03
9.599290152086083217e-03
