9.993962498481256951e-01
7.201703889473688447e-01
2.977731967248547357e-02
8.840509172971041663e-01
3.031103872194000348e-01
5.919483930883749911e-01
2.092599951096370536e-01
3.746684802520769408e-01
5.218910392347977378e-01
3.012092207546340217e-01
9.030876386806124811e-01
7.534796148230364921e-01
4.687447837285877994e-01
2.333985657961865634e-01
4.302193046520628172e-01
2.309249758240076389e+00
4.083604903232062711e+00
2.326315700258244412e+00
2.924434712471040143e+00
2.121058480959255199e+00
1.676165541076544363e+00
2.328804211492870646e+00
1.276011188558802578e+00
1.271696307591645203e+00
3.190199912014160866e+00
1.999425464897952143e+00
1.022096148081329092e+00
4.250752772387863310e+00
2.751127240372782889e+00
1.017874268355267064e+00
1.002082584101293916e+00
1.379329539369676949e+00
1.015200687814581393e+00
1.309578811418384614e+00
8.951733479648171787e-01
5.243996253042761124e-02
1.848621615958864067e-02
1.319034137563339648e-01
9.024408848984557530e-01
1.497611532480533691e+00
6.307330465760401239e-01
1.151402631623640094e+00
3.911219349704737613e-01
1.907955742680213784e-01
2.483991969062253335e-01
3.718006893064787488e-01
1.283957858125581941e+00
1.082012674084523694e-02
4.688225727271952414e-02
4.056317140345553907e-01
1.108196693969606093e-02
1.571243676766221342e-01
2.498094449609116752e-01
2.073685678594908433e-01
2.755125257107959684e-03
2.771810551920335028e-02
1.023981966301969748e-01
