1.254234910011291504e-01
2.677120268344879150e-01
3.524877130985260010e-01
2.928468286991119385e-01
1.781403571367263794e-01
1.872310489416122437e-01
1.852624267339706421e-01
1.965292394161224365e-01
1.209485828876495361e-01
3.077015578746795654e-01
4.555015563964843750e-01
5.069457888603210449e-01
2.120537906885147095e-01
1.501807719469070435e-01
1.771789342164993286e-01
4.636148452758789062e+00
1.134757041931152344e+00
4.663619518280029297e+00
4.707586765289306641e+00
4.855895042419433594e+00
2.350222110748291016e+00
1.257777571678161621e+00
4.187594413757324219e+00
1.941995859146118164e+00
1.203506350517272949e+00
1.041818499565124512e+00
1.231391310691833496e+00
1.066533565521240234e+00
3.547725915908813477e+00
1.095761179924011230e+00
1.468623161315917969e+00
1.571735858917236328e+00
9.717013239860534668e-01
4.929332137107849121e-01
2.125281840562820435e-01
8.423734903335571289e-01
1.221948623657226562e+00
7.389512062072753906e-01
3.549439907073974609e-01
5.142591595649719238e-01
3.685158789157867432e-01
3.840028047561645508e-01
4.113518297672271729e-01
3.448386192321777344e-01
2.093530595302581787e-01
5.119479298591613770e-01
3.827404975891113281e-01
3.869371116161346436e-01
3.640305399894714355e-01
1.541443169116973877e-01
1.921947002410888672e-01
2.219438850879669189e-01
8.686428517103195190e-02
4.838366061449050903e-02
5.277583748102188110e-02
