1.762277632951736450e-01
2.723272331058979034e-02
4.431722760200500488e-01
6.795183420181274414e-01
2.912260591983795166e-01
1.388336569070816040e-01
1.721901595592498779e-01
2.170677855610847473e-02
9.050150960683822632e-02
3.545969426631927490e-01
5.610114336013793945e-02
6.665054559707641602e-01
1.696445345878601074e-01
9.821533411741256714e-02
1.102695539593696594e-01
1.022888064384460449e+00
3.831968069076538086e+00
4.930723190307617188e+00
4.339801311492919922e+00
1.043371200561523438e+00
2.489008426666259766e+00
1.460831522941589355e+00
4.931571960449218750e+00
1.019209861755371094e+00
1.236811280250549316e+00
1.090342640876770020e+00
1.369845151901245117e+00
1.166499376296997070e+00
4.483557701110839844e+00
1.033703804016113281e+00
1.179190427064895630e-01
3.626653850078582764e-01
7.857399582862854004e-01
6.522352099418640137e-01
9.166969656944274902e-01
3.624173700809478760e-01
1.531796157360076904e-01
5.220905542373657227e-01
5.120003223419189453e-01
6.329291462898254395e-01
3.763534128665924072e-02
6.212231516838073730e-01
1.103663802146911621e+00
4.900613725185394287e-01
5.249274373054504395e-01
1.992689631879329681e-02
1.995266228914260864e-02
1.989019848406314850e-02
1.990608870983123779e-02
1.990032196044921875e-02
1.990154385566711426e-02
