1.291971898729190604e-01
2.495356587499108214e-01
1.134970277299375899e-02
6.620487787124819112e-01
1.613045497452720856e-01
4.881811096021247964e-01
1.860462563104942069e-01
4.145003251279718026e-01
5.159265562203991795e-01
3.310517682361974745e-01
9.999730771310771926e-01
7.436366343673493917e-01
1.459422966928327070e-01
5.257564601659479864e-02
3.088531112186037597e-01
4.996513413263339309e+00
1.000657965559532681e+00
4.996576734025653721e+00
2.195734851262517218e+00
4.467783204763810190e+00
1.520098565137098623e+00
4.798153492385290875e+00
2.331274232852563078e+00
4.983331981022620205e+00
2.273907072697896048e+00
1.000007520784267800e+00
3.604798023998740053e+00
1.326096071421773770e+00
2.793653943489913694e+00
1.001793241423751146e+00
1.004343574153004903e+00
1.011181493670834985e+00
1.087496128325728506e+00
1.000910260291075840e-02
1.379558428250546587e-01
1.548887845924733567e-02
1.326321506870635769e+00
1.477687052144448288e+00
1.125117488063035687e+00
3.996656230152652034e-01
6.734632646682900958e-01
2.085922433908470597e-01
2.325335326438604522e-01
1.334232820840015155e+00
1.000073949702633483e-02
2.684959791618046765e-01
5.944774453736805658e-02
1.222526596546151811e-01
1.001638190929642069e-02
1.492928286641985736e-01
2.903676004876541983e-01
2.073917993458320175e-01
7.831832108153755079e-02
2.063626616426169139e-02
6.955109571102116583e-02
