2.741826474666595459e-01
1.637093573808670044e-01
7.801702022552490234e-01
5.148419737815856934e-01
1.981361806392669678e-01
1.197057738900184631e-01
2.239595651626586914e-01
3.220228105783462524e-02
2.756519615650177002e-02
4.469717144966125488e-01
1.529710888862609863e-01
1.840254664421081543e-01
1.764864474534988403e-01
1.456963866949081421e-01
1.265328228473663330e-01
2.235968589782714844e+00
4.817632198333740234e+00
3.175217390060424805e+00
1.086182713508605957e+00
4.941154479980468750e+00
4.982662200927734375e+00
1.053207516670227051e+00
1.056097745895385742e+00
4.942208290100097656e+00
1.609992265701293945e+00
2.499374628067016602e+00
1.015705108642578125e+00
1.075359702110290527e+00
1.068345546722412109e+00
2.054477691650390625e+00
1.734650373458862305e+00
3.896350145339965820e+00
1.322239041328430176e+00
2.812102138996124268e-01
7.733532190322875977e-01
6.176163554191589355e-01
9.925068616867065430e-01
5.692386031150817871e-01
4.359839856624603271e-01
6.582332849502563477e-01
5.186191201210021973e-01
4.942485094070434570e-01
1.306211799383163452e-01
4.992407560348510742e-01
4.857675135135650635e-01
2.588434517383575439e-01
7.133292406797409058e-02
8.820822834968566895e-01
1.198202848434448242e+00
3.761593103408813477e-01
5.272196531295776367e-01
1.991952024400234222e-02
1.990195177495479584e-02
1.989181339740753174e-02
1.991997659206390381e-02
1.987630315124988556e-02
1.990245096385478973e-02
