2.397941499948501587e-01
1.901582032442092896e-01
3.288920819759368896e-01
1.738536953926086426e-01
1.616199463605880737e-01
1.578283309936523438e-01
1.165484413504600525e-01
1.373666673898696899e-01
7.464946061372756958e-02
1.457046568393707275e-01
2.485175281763076782e-01
3.718845248222351074e-01
2.718235552310943604e-01
2.167523056268692017e-01
1.469964087009429932e-01
2.482426762580871582e-01
1.100616455078125000e+00
4.715156555175781250e+00
1.461566567420959473e+00
4.591341018676757812e+00
2.740460395812988281e+00
2.830808639526367188e+00
1.088572859764099121e+00
4.549789428710937500e+00
4.108622550964355469e+00
4.889661312103271484e+00
1.854877233505249023e+00
1.388835072517395020e+00
4.017083644866943359e+00
4.064647674560546875e+00
1.282098531723022461e+00
3.066817045211791992e+00
3.393392562866210938e+00
1.124320864677429199e+00
1.969582796096801758e+00
1.035270452499389648e+00
2.039859294891357422e+00
1.236387372016906738e+00
3.704226016998291016e-01
7.460258007049560547e-01
4.448505938053131104e-01
2.238097637891769409e-01
3.073760867118835449e-01
8.685719966888427734e-01
3.417201936244964600e-01
1.275663733482360840e+00
6.100721359252929688e-01
2.382615059614181519e-01
6.317238807678222656e-01
3.006900846958160400e-01
3.753086626529693604e-01
8.200622797012329102e-01
8.157024979591369629e-01
5.651663541793823242e-01
6.165949106216430664e-01
8.138272166252136230e-02
4.502035677433013916e-01
5.188403725624084473e-01
3.933958113193511963e-01
4.938336312770843506e-01
9.911652654409408569e-02
9.599534422159194946e-02
9.882624447345733643e-02
6.305643171072006226e-02
2.956728078424930573e-02
4.319024458527565002e-02
