1.189593896269798279e-01
8.082096278667449951e-02
3.461494147777557373e-01
2.544607818126678467e-01
1.618529409170150757e-01
1.924779266119003296e-01
1.662875711917877197e-01
1.678653508424758911e-01
1.245018467307090759e-01
2.733720541000366211e-01
4.029862284660339355e-01
5.077628493309020996e-01
2.186291515827178955e-01
1.572558283805847168e-01
1.749278008937835693e-01
2.000000000000000000e+00
4.842178821563720703e+00
1.246687412261962891e+00
2.000000000000000000e+00
4.706681728363037109e+00
4.803250312805175781e+00
2.105213642120361328e+00
1.562273502349853516e+00
4.460729598999023438e+00
4.117123603820800781e+00
1.091649770736694336e+00
1.048959255218505859e+00
1.221921920776367188e+00
1.046559333801269531e+00
3.557479619979858398e+00
1.078341126441955566e+00
1.393965363502502441e+00
1.534421443939208984e+00
5.000000000000000000e-01
9.506415128707885742e-01
8.639322519302368164e-01
5.000000000000000000e-01
8.410965800285339355e-01
1.264199972152709961e+00
7.294752597808837891e-01
3.599461317062377930e-01
5.272997617721557617e-01
5.075809359550476074e-01
3.432829678058624268e-01
3.671082258224487305e-01
2.736530303955078125e-01
2.469822019338607788e-01
5.283736586570739746e-01
3.845348358154296875e-01
4.215383827686309814e-01
3.523275554180145264e-01
1.435749232769012451e-01
1.892593353986740112e-01
2.225048393011093140e-01
8.949357271194458008e-02
5.678268522024154663e-02
5.141294747591018677e-02
