1.260316922456595490e-01
2.338734960163358911e-01
3.782898447319951174e-01
8.856226933900909204e-01
2.315545996923555894e-01
3.574793007017630364e-01
1.862792369035248252e-01
4.090147493150956826e-01
1.091755477674725798e-02
3.148050962076039960e-01
9.984194378056211461e-01
4.238234529652181726e-01
4.744736914007638973e-01
1.906244635728942538e-01
3.514057819172247688e-01
4.934892699478669265e+00
1.000290569417267239e+00
4.994224596680587602e+00
4.883162907866240410e+00
4.350919469501388193e+00
2.610863400871642703e+00
1.472304116302259436e+00
1.829694366807323558e+00
4.919270922746742158e+00
1.937642572173758904e+00
1.002384209181159003e+00
4.999999344175957816e+00
2.601256496888401770e+00
1.097063893293325432e+00
1.000215905929609628e+00
4.986994656735554976e+00
1.262001694167612209e+00
9.762994946211066560e-01
1.802574443634172990e-02
1.661995413793255494e-01
9.056993408963553982e-01
1.496804889627811219e+00
1.336448556366720108e+00
7.866630080758478805e-01
1.495386662492367069e+00
4.716095512260938816e-01
9.980447053192596785e-02
4.760646796029494032e-01
3.388751246902957925e-01
9.539901450273489125e-01
1.027620079251377258e-02
6.398601964848893431e-02
4.442794001452964325e-01
4.409002249868684137e-02
1.469833065412109452e-01
2.928571806133515865e-01
2.132254596542966785e-01
1.000817194171264770e-03
9.836806187386852585e-03
9.568524662036292927e-02
