1.176085823251340895e-01
1.689358613217159244e-01
9.941108080285591120e-01
9.841412587141307178e-01
8.092367199447197956e-02
2.891114145782587852e-01
1.524237120427534842e-01
1.000044961576157174e-02
5.317585242854594441e-01
2.717845146703313786e-01
6.519987232218626971e-02
7.827480434288659472e-01
4.565732322572716578e-02
3.965958802346614825e-02
1.469437470353631425e-01
2.973622311582178490e+00
1.792443488223954828e+00
1.074377444268152182e+00
2.383575297448476515e+00
4.187322376717071748e+00
1.000025724990028175e+00
2.432523176932281039e+00
1.954883456739489267e+00
4.969262607770403406e+00
1.761960489080983461e+00
1.000663953315539034e+00
1.733750330118611682e+00
1.877513308353346400e+00
1.969688112378038758e+00
1.094304877375814167e+00
1.003825497702726999e+00
1.145023976458773962e+00
1.292718232836508552e+00
9.058393559982729215e-01
4.199730443240255462e-01
1.364090689290329061e+00
2.247355742257134067e-02
1.062311294287037085e-02
9.856222981384608062e-01
1.017475412054935115e-02
1.805736103177349450e-01
2.627947318713726860e-02
4.320214901091963267e-01
8.981909053805821053e-01
1.005461786345239299e-02
2.702367424581016975e-01
1.476198163379351724e+00
2.712982862013040009e-02
1.601124612699163924e-02
4.999755701195560814e-02
4.998768933358443967e-02
4.999188634325311270e-02
4.999568135420133508e-02
4.999999751009672616e-02
4.997765433329096757e-02
