2.002606391906738281e-01
3.188881576061248779e-01
3.465135991573333740e-01
2.596929371356964111e-01
1.839961707592010498e-01
2.172014564275741577e-01
1.871074140071868896e-01
2.061416655778884888e-01
1.264974176883697510e-01
2.937272191047668457e-01
4.884373843669891357e-01
5.081810355186462402e-01
2.033663690090179443e-01
1.518313288688659668e-01
2.107135057449340820e-01
1.039281129837036133e+00
4.786253929138183594e+00
2.470195531845092773e+00
4.640623092651367188e+00
4.690649032592773438e+00
4.819257736206054688e+00
1.959750890731811523e+00
1.530362486839294434e+00
3.585838317871093750e+00
1.963590145111083984e+00
1.263306021690368652e+00
1.043000817298889160e+00
1.363523721694946289e+00
1.073698282241821289e+00
3.522056102752685547e+00
1.068108677864074707e+00
1.347062110900878906e+00
1.517816901206970215e+00
3.095819354057312012e-01
7.700122594833374023e-01
6.177052855491638184e-01
2.061802148818969727e-01
8.367227315902709961e-01
1.266232967376708984e+00
6.897959709167480469e-01
3.837573826313018799e-01
4.254098832607269287e-01
4.667429625988006592e-01
3.538062870502471924e-01
3.841426074504852295e-01
4.000331759452819824e-01
1.638430655002593994e-01
4.985072910785675049e-01
3.068672716617584229e-01
4.054368436336517334e-01
3.490391969680786133e-01
1.524788886308670044e-01
2.127338647842407227e-01
2.211970239877700806e-01
1.031811684370040894e-01
5.031281709671020508e-02
5.769720301032066345e-02
