9.940334237634823600e-01
3.195763713185161281e-01
1.143700423846706615e-02
9.668016683736746497e-01
1.807163723021345536e-01
5.861897781885304637e-01
2.034043762413262901e-01
4.079400707144070215e-01
5.320892529519513081e-01
2.891044067835352172e-01
9.999999998862716399e-01
7.669837616866911345e-01
1.480154650986170439e-01
1.527699491894519146e-01
3.555274286806499040e-01
2.500259036014500946e+00
4.995440422776657563e+00
1.000419340161298187e+00
4.995595333535497673e+00
2.989207925662084264e+00
3.627516891982661473e+00
1.000222223384596987e+00
4.942982688170596717e+00
1.519871489151522148e+00
3.645899312212084631e+00
2.910828245069613462e+00
1.010460467733906409e+00
4.997382346836062084e+00
1.001428702496327094e+00
4.114759846519993047e+00
1.000597561888204590e+00
1.261845766187480899e+00
1.003772502284526524e+00
1.253788377439062129e+00
8.780420074088994831e-01
1.000009853105258278e-02
1.229083753549552183e-01
6.077016068986310776e-02
5.711281657407343282e-01
1.322344100587210303e+00
9.903752515960267955e-01
1.100493080756792252e-01
1.498861846189668556e+00
1.882657723029771413e-01
6.312692429262172222e-01
3.404499983610170810e-01
1.018828483320582436e-02
2.909595649606710466e-01
5.992192778436553069e-02
2.682964190142690386e-01
1.018938291523959795e-02
1.448936408138651322e-01
2.866760819244317249e-01
2.027742797611407077e-01
1.013251435164101155e-01
2.667008153811681326e-02
8.270649447549349720e-02
