3.907732665538787842e-01
2.916609346866607666e-01
4.934796988964080811e-01
1.608350276947021484e-01
5.735810101032257080e-02
5.283021926879882812e-01
2.058458179235458374e-01
2.404914051294326782e-02
1.566434651613235474e-01
2.520351111888885498e-01
1.819466799497604370e-01
3.880254924297332764e-01
1.358272880315780640e-01
5.028078705072402954e-02
2.750943005084991455e-01
1.966049551963806152e+00
4.405313968658447266e+00
1.217337608337402344e+00
4.943146705627441406e+00
1.043175578117370605e+00
2.126001596450805664e+00
4.200129985809326172e+00
4.752020835876464844e+00
1.847222805023193359e+00
2.081137657165527344e+00
1.963416457176208496e+00
4.716167449951171875e+00
3.936651706695556641e+00
4.128519058227539062e+00
4.172115325927734375e+00
1.732294559478759766e+00
1.239223241806030273e+00
4.890882492065429688e+00
4.969680786132812500e+00
1.017111182212829590e+00
6.778849363327026367e-01
4.879131317138671875e-01
9.486919045448303223e-01
6.975619196891784668e-01
4.284420907497406006e-01
3.017224371433258057e-01
4.394198954105377197e-01
6.381665468215942383e-01
8.997684717178344727e-01
2.361899912357330322e-01
4.163825213909149170e-01
5.303969979286193848e-01
1.075746417045593262e+00
1.230474710464477539e+00
1.223776042461395264e-01
5.517759919166564941e-01
3.566882908344268799e-01
9.907739162445068359e-01
9.534351825714111328e-01
1.328664064407348633e+00
4.964610561728477478e-02
4.967553541064262390e-02
4.958006367087364197e-02
4.948671907186508179e-02
4.881991073489189148e-02
4.962554946541786194e-02
