2.322103347393057460e-01
2.798968530499014173e-01
5.106261266295217816e-01
5.713884288879136353e-01
8.688524041960146715e-02
2.542721552786550432e-01
6.696355325991366625e-01
1.401608341057903329e-01
1.072865994827330340e-02
3.998420974480090817e-01
2.896509457571504464e-01
4.114073000402126423e-01
6.267824698215509471e-01
1.368897595185173954e-01
8.492724561856926369e-02
7.591901403813338112e-01
1.223119074792434979e+00
2.533836426923564478e+00
1.063586032174259177e+00
2.574478190029275471e+00
1.955761262059417138e+00
4.147784709151461691e+00
1.018619171263205558e+00
1.384161211165596317e+00
2.569720586451963662e+00
2.461816363500013871e+00
2.780830547241209594e+00
1.971984214557780835e+00
3.177266369927278511e+00
1.340065180431178726e+00
2.094969609429740753e+00
1.300312757893158366e+00
3.017385978787244127e+00
1.012197630690012229e+00
1.822746939942944344e+00
2.280396420710912420e+00
2.511751668136147142e+00
1.017333469149432235e+00
2.521286764676536896e-01
7.662093327127977860e-01
3.549041452338620450e-01
1.291477617233315923e-02
1.263409655262636398e-02
9.167198647998967553e-01
1.388989933803616017e+00
1.456279579565950555e-01
9.584635831923646876e-01
1.415972740059573187e+00
2.489922309129783129e-01
7.715412564007418927e-01
8.807136882967259162e-02
2.039845722228662006e-01
1.337396985750533229e+00
1.075518840773204421e-01
9.043181523556748092e-01
1.270872893042589158e-02
1.024619002176854643e+00
4.400144164061894902e-01
1.812173477149098821e-01
6.558614706988632470e-01
9.999997645659895740e-02
9.991723288224872712e-02
9.998930399414002190e-02
5.449286519217347996e-02
3.895965017872416586e-02
5.556746272689192662e-02
