9.999997159981536266e-01
5.464494140076195938e-01
8.354757208251050171e-01
3.096224211760715828e-01
8.396537927037171778e-02
1.644166930052232828e-02
1.000046839522026471e-02
2.017492697038072158e-01
2.512833993897111706e-01
9.996723532964305603e-01
9.857347518687973320e-01
1.829068529571888924e-01
8.800106237412569365e-02
4.999927189156789353e+00
4.999869771415867525e+00
2.631402712394537602e+00
4.999114753439108938e+00
4.877715543149859556e+00
4.795575504906671505e+00
1.169276292566983289e+00
4.650300409161993720e+00
4.475613627407042827e+00
1.120643575524016056e+00
3.948311352677820629e+00
4.156872825557791806e+00
4.974459634000298003e+00
1.236288347052100889e+00
4.937759334698296421e+00
4.019748125547476292e+00
6.865949720017548996e-01
1.499874549020773884e+00
1.401059761865598718e-02
1.407099268531988856e-01
1.331247259593922205e+00
1.176686013480882087e+00
4.016918661278279234e-01
8.445885105667194637e-01
5.277129427060565092e-01
1.359507443571276841e+00
8.036593913286290691e-01
1.200711061468487939e+00
1.492213365671973158e+00
1.001470841324634577e-02
1.407567460895347011e-01
1.627211068390371426e-02
9.998365528680704106e-02
9.999517630744063357e-02
3.953197613269274907e-02
4.249330337629349946e-02
3.423401272157577946e-02
