1.791707575321197510e-01
3.790109157562255859e-01
8.698012828826904297e-01
5.600497126579284668e-01
2.340034246444702148e-01
1.275216937065124512e-01
1.584725677967071533e-01
1.954571902751922607e-02
4.605273157358169556e-02
2.313819527626037598e-01
1.263366490602493286e-01
4.422592520713806152e-01
2.152296453714370728e-01
2.168783843517303467e-01
1.302107125520706177e-01
1.143244504928588867e+00
4.887762546539306641e+00
4.871328353881835938e+00
1.057893991470336914e+00
1.077909231185913086e+00
1.050177454948425293e+00
4.922085762023925781e+00
4.994626045227050781e+00
4.684179306030273438e+00
1.110087752342224121e+00
4.880710124969482422e+00
2.807754993438720703e+00
1.134290218353271484e+00
1.827365636825561523e+00
1.884301185607910156e+00
1.247348546981811523e+00
4.675496101379394531e+00
2.072948455810546875e+00
4.285792350769042969e+00
1.096219062805175781e+00
3.764371871948242188e-01
7.076593041419982910e-01
5.850803852081298828e-01
4.432808160781860352e-01
1.073150396347045898e+00
7.549866288900375366e-02
4.867859184741973877e-01
3.736877441406250000e-01
8.294779062271118164e-01
3.310374617576599121e-01
6.219322085380554199e-01
2.915608584880828857e-01
4.167130589485168457e-01
1.109537109732627869e-01
1.966160833835601807e-01
7.990044951438903809e-01
5.777075290679931641e-01
1.164373278617858887e+00
3.958572745323181152e-01
5.209341049194335938e-01
1.992435194551944733e-02
1.990528590977191925e-02
1.981372013688087463e-02
1.972603052854537964e-02
1.986079663038253784e-02
1.984187215566635132e-02
