2.132614701986312866e-01
3.173910379409790039e-01
4.464342296123504639e-01
2.526414692401885986e-01
2.340360879898071289e-01
2.179296910762786865e-01
1.988921463489532471e-01
6.351177394390106201e-02
5.558608174324035645e-01
3.107295334339141846e-01
5.004264116287231445e-01
7.981187701225280762e-01
1.777294278144836426e-01
1.838285923004150391e-01
2.148440331220626831e-01
1.030556440353393555e+00
4.777038097381591797e+00
4.460333824157714844e+00
2.445283889770507812e+00
3.902342319488525391e+00
1.042937994003295898e+00
4.793754577636718750e+00
4.395880699157714844e+00
2.763306140899658203e+00
1.219534873962402344e+00
4.266691207885742188e+00
1.876432776451110840e+00
1.107258796691894531e+00
1.051971316337585449e+00
1.180317044258117676e+00
1.267110586166381836e+00
3.915377378463745117e+00
1.183384299278259277e+00
1.380459070205688477e+00
1.519359350204467773e+00
2.860578894615173340e-01
7.455844283103942871e-01
1.958137601613998413e-01
1.471233963966369629e-01
9.918559789657592773e-01
2.060725092887878418e-01
1.272740215063095093e-01
1.002486228942871094e+00
5.418359041213989258e-01
5.223311185836791992e-01
3.044896423816680908e-01
5.981078147888183594e-01
3.602436780929565430e-01
6.424975991249084473e-01
1.678389012813568115e-01
1.432083994150161743e-01
8.328297138214111328e-01
2.632832527160644531e-01
4.581272900104522705e-01
3.121121823787689209e-01
1.608929187059402466e-01
1.775690466165542603e-01
2.140518426895141602e-01
1.303291022777557373e-01
2.403263933956623077e-02
5.961216986179351807e-02
