1.970327347517013550e-01
3.113882839679718018e-01
3.481063842773437500e-01
2.721477448940277100e-01
2.805982828140258789e-01
1.937901824712753296e-01
1.862530261278152466e-01
1.980791985988616943e-01
1.244156658649444580e-01
2.929593622684478760e-01
4.695526361465454102e-01
5.006383061408996582e-01
2.019244730472564697e-01
1.578274071216583252e-01
1.836916059255599976e-01
1.037397742271423340e+00
4.799155235290527344e+00
2.000000000000000000e+00
4.620508193969726562e+00
2.352523326873779297e+00
2.000000000000000000e+00
4.676536560058593750e+00
4.801606655120849609e+00
2.337335109710693359e+00
1.297882914543151855e+00
3.656688928604125977e+00
1.471672654151916504e+00
1.146921873092651367e+00
1.051005721092224121e+00
1.374940037727355957e+00
1.229580640792846680e+00
4.211807250976562500e+00
1.122619986534118652e+00
1.409887313842773438e+00
1.545954704284667969e+00
2.985826730728149414e-01
7.665494084358215332e-01
5.000000000000000000e-01
2.032507658004760742e-01
6.262138485908508301e-01
5.000000000000000000e-01
8.290187716484069824e-01
1.220122218132019043e+00
6.985301375389099121e-01
3.803883492946624756e-01
4.309419989585876465e-01
4.228728711605072021e-01
3.965037465095520020e-01
2.613135278224945068e-01
3.432193398475646973e-01
1.098311766982078552e-01
4.759546220302581787e-01
3.425461351871490479e-01
3.887132108211517334e-01
3.480581045150756836e-01
1.521204113960266113e-01
2.086649239063262939e-01
2.198660075664520264e-01
1.062681153416633606e-01
4.670500755310058594e-02
5.306705832481384277e-02
