8.988245129585266113e-01
1.800417900085449219e-01
4.912532866001129150e-01
4.326603710651397705e-01
1.819458305835723877e-01
1.499249488115310669e-01
1.603184640407562256e-01
6.886638700962066650e-02
6.275936961174011230e-02
2.163823097944259644e-01
1.876180768013000488e-01
5.298723578453063965e-01
2.229674011468887329e-01
1.384236961603164673e-01
1.483783870935440063e-01
4.973728179931640625e+00
4.728926658630371094e+00
2.621418476104736328e+00
3.342607259750366211e+00
2.668323516845703125e+00
3.906681537628173828e+00
4.714468002319335938e+00
4.828479290008544922e+00
2.176630496978759766e+00
1.068737983703613281e+00
4.609724044799804688e+00
1.934125661849975586e+00
1.573848128318786621e+00
1.064532518386840820e+00
3.799402952194213867e+00
1.040709972381591797e+00
2.217044115066528320e+00
1.492605924606323242e+00
3.582460880279541016e+00
1.530060768127441406e+00
8.590568900108337402e-01
1.270771980285644531e+00
8.376880288124084473e-01
5.682199001312255859e-01
1.564619988203048706e-01
2.796595096588134766e-01
7.042394280433654785e-01
4.773631691932678223e-01
8.356984853744506836e-01
2.231916487216949463e-01
5.445660948753356934e-01
1.925502270460128784e-01
3.475837409496307373e-01
7.889157533645629883e-01
5.579845309257507324e-01
4.614783823490142822e-01
3.661281764507293701e-01
5.699597597122192383e-01
4.200325012207031250e-01
4.390771985054016113e-01
4.968355596065521240e-02
4.974449053406715393e-02
4.950521886348724365e-02
4.961505532264709473e-02
4.947399720549583435e-02
4.924740269780158997e-02
