3.011149211909607715e+00
1.593664241680588622e+00
1.059086669546203952e-01
3.026279354387238496e-01
1.678164370471636246e+00
8.314404862200274193e-01
7.923325473232812471e-03
2.226286543473670054e-01
1.095231821570765485e+00
3.420600039317299057e+00
1.728616677504247745e+00
1.024722526926656781e-02
1.610501586073100899e+00
4.655339127575008007e+00
3.525126870326684703e+00
2.461241593927346649e+00
2.390310211381719174e+00
2.182755022639536691e+00
1.673917635188605590e+00
1.958112462600637205e+00
2.152909174672918091e+00
2.078034525348832595e+00
2.183017991586109652e+00
3.543125485086052073e+00
3.439490413564920690e+00
2.970003967242735854e+00
1.339324386057489935e+00
2.005219332617687478e+00
3.404323761608062604e+00
6.112135851093845051e-01
1.471317718072950864e+00
6.487711492303366301e-02
1.017422911970703225e+00
9.208961440825071953e-01
2.506887490512777483e-01
1.254859534983915781e+00
1.119884213819206442e+00
1.177843487815845303e-02
1.363989174789202119e+00
1.496310955420036892e+00
6.576656239429690132e-01
5.225523335872100938e-01
4.327822634991609907e-01
4.862915972780531004e-01
1.469316879089231476e+00
1.704086658566059953e-01
6.556643442221066209e-02
3.344785645981496192e-01
2.757701652254826788e-02
1.158991358797685223e-01
