1.597368101897912451e-01
2.637075335607356186e-01
7.758982500163732476e-01
9.921999268010335271e-01
3.319779188993556007e-02
5.230682535372301878e-01
2.494823181167171999e-01
1.129109901820376793e-01
1.043675836107253729e-02
1.364427065677375171e-02
3.114082420086562442e-01
4.487624884331231634e-01
2.184990293233283198e-01
1.023092576695096984e-02
1.272871725442129877e-02
3.231789162467607612e-01
4.502093744509062745e+00
1.590802473567396902e+00
4.995519157081149686e+00
4.999999539197277798e+00
3.509668957858688820e+00
2.660032271875672816e+00
1.007006933753868294e+00
4.927344807081247779e+00
2.462096798371793849e+00
4.994346013341825596e+00
2.175427959686750068e+00
2.210946975098452949e+00
4.974118713535113478e+00
1.898022653685623728e+00
3.302410558580525457e+00
2.797278639942950562e+00
1.489432815877728800e+00
2.358879094090464701e+00
2.911055491250098548e+00
1.004121067409599943e+00
1.296689438510072456e+00
2.039832342348643301e+00
1.020414755031791854e-01
8.647084900303868560e-01
1.264089369371758753e+00
2.155212750917040454e-02
2.248453826980208875e-02
4.280272107540105120e-01
6.002751783605946301e-01
1.494672630165151839e+00
5.663577767373428884e-01
3.901781583408264753e-01
1.890235029177048109e-02
2.430295855490043067e-02
4.911110300890312447e-02
1.170992040550564717e+00
1.096728945787449838e+00
1.432116596788971075e+00
1.002987811782652360e-02
1.877762951728542684e-02
4.127635752339029462e-01
9.498680113232953470e-01
6.651621197801071972e-02
4.192621263086256933e-01
1.996478946598769649e-02
1.940413806578512174e-02
1.998367793456939934e-02
1.999468803686486537e-02
1.998531330688742280e-02
1.999320845073592964e-02
