2.154940217733383179e-01
4.958166182041168213e-01
6.343025565147399902e-01
2.059742957353591919e-01
1.462664157152175903e-01
2.720449864864349365e-01
1.827932447195053101e-01
2.374139614403247833e-02
2.369864583015441895e-01
2.541317343711853027e-01
2.137070596218109131e-01
3.559069037437438965e-01
2.015284001827239990e-01
1.371910572052001953e-01
2.433946281671524048e-01
1.110026717185974121e+00
4.911876678466796875e+00
1.215100288391113281e+00
4.956562042236328125e+00
1.049259781837463379e+00
1.224057197570800781e+00
4.629894733428955078e+00
3.490638017654418945e+00
1.109709024429321289e+00
1.569083929061889648e+00
1.548863768577575684e+00
4.491341114044189453e+00
1.058587312698364258e+00
1.123698353767395020e+00
1.165514230728149414e+00
3.308351516723632812e+00
2.242153167724609375e+00
4.858711242675781250e+00
4.853517532348632812e+00
1.036148428916931152e+00
4.337353110313415527e-01
6.543267369270324707e-01
1.079515576362609863e+00
7.221245169639587402e-01
2.372554987668991089e-01
3.204986155033111572e-01
2.771155238151550293e-01
9.079376459121704102e-01
7.019824385643005371e-01
1.808954328298568726e-01
3.324536979198455811e-01
7.742062211036682129e-01
7.794827818870544434e-01
2.906676828861236572e-01
2.323579788208007812e-01
5.556823611259460449e-01
3.875744640827178955e-01
8.081125617027282715e-01
9.011499285697937012e-01
7.922551035881042480e-01
9.925217926502227783e-02
9.891909360885620117e-02
9.908980876207351685e-02
9.789593517780303955e-02
9.365759044885635376e-02
9.882641583681106567e-02
