1.891685873270034790e-01
2.825908660888671875e-01
3.879322707653045654e-01
2.842567265033721924e-01
1.852148175239562988e-01
1.836658120155334473e-01
1.889510154724121094e-01
2.180558443069458008e-01
1.646482497453689575e-01
3.022514283657073975e-01
5.209558606147766113e-01
4.684662520885467529e-01
2.200226485729217529e-01
1.490937769412994385e-01
1.749869138002395630e-01
1.351661801338195801e+00
4.860993385314941406e+00
2.000000000000000000e+00
4.711590766906738281e+00
1.085791468620300293e+00
1.127596735954284668e+00
4.777408123016357422e+00
4.884214401245117188e+00
2.082956075668334961e+00
1.305893898010253906e+00
3.875131845474243164e+00
2.024044036865234375e+00
1.446551799774169922e+00
1.031618475914001465e+00
1.615740776062011719e+00
1.075634717941284180e+00
3.849387168884277344e+00
1.096040606498718262e+00
1.429422259330749512e+00
1.532962322235107422e+00
3.011509180068969727e-01
7.865416407585144043e-01
5.000000000000000000e-01
2.227541208267211914e-01
3.812821209430694580e-01
1.595057696104049683e-01
5.808562636375427246e-01
6.605101227760314941e-01
7.445083856582641602e-01
3.195846080780029297e-01
4.846255481243133545e-01
3.675082027912139893e-01
3.480958640575408936e-01
3.777580559253692627e-01
4.434271156787872314e-01
1.837037950754165649e-01
4.644890427589416504e-01
4.027440845966339111e-01
3.682816624641418457e-01
3.730800747871398926e-01
1.527173668146133423e-01
1.999025344848632812e-01
2.046346515417098999e-01
9.332396090030670166e-02
3.525871038436889648e-02
5.586642026901245117e-02
