2.035843282938003540e-01
5.627677440643310547e-01
1.370443850755691528e-01
4.712193906307220459e-01
2.096696496009826660e-01
2.988202869892120361e-01
2.066506445407867432e-01
4.044206440448760986e-01
6.760514974594116211e-01
3.399843275547027588e-01
9.536866545677185059e-01
9.788985252380371094e-01
2.386405915021896362e-01
1.738283038139343262e-01
3.355817496776580811e-01
1.163166403770446777e+00
1.240361809730529785e+00
4.905372619628906250e+00
4.643413543701171875e+00
4.370837211608886719e+00
1.409818887710571289e+00
1.659122943878173828e+00
1.520744562149047852e+00
4.448848724365234375e+00
1.053861618041992188e+00
1.077656269073486328e+00
4.096559524536132812e+00
1.051354527473449707e+00
2.941955804824829102e+00
1.678715467453002930e+00
1.314296960830688477e+00
1.274854660034179688e+00
6.117117404937744141e-01
7.061351537704467773e-01
2.958600223064422607e-01
1.052744686603546143e-02
1.459517050534486771e-02
8.858735561370849609e-01
6.595777869224548340e-01
1.975375711917877197e-01
1.428209662437438965e+00
1.585588455200195312e-01
5.839861035346984863e-01
5.164948701858520508e-01
9.154027700424194336e-02
5.725322365760803223e-01
2.863236367702484131e-01
2.313853800296783447e-01
2.055503129959106445e-01
1.639138907194137573e-01
2.478271871805191040e-01
2.352064698934555054e-01
1.144269630312919617e-01
5.555253475904464722e-02
7.124743610620498657e-02
