4.426042437553405762e-01
2.827072143554687500e-01
5.183635950088500977e-01
1.526939570903778076e-01
5.968131870031356812e-02
5.192264914512634277e-01
2.215245664119720459e-01
2.481147646903991699e-02
1.448676139116287231e-01
2.697381675243377686e-01
1.911061853170394897e-01
4.302967786788940430e-01
1.158172637224197388e-01
4.936411231756210327e-02
2.904438078403472900e-01
2.211121320724487305e+00
4.273529052734375000e+00
1.167626738548278809e+00
4.937299728393554688e+00
1.049438476562500000e+00
2.525363445281982422e+00
4.250890731811523438e+00
4.676261901855468750e+00
2.132020235061645508e+00
2.102262973785400391e+00
2.082261085510253906e+00
4.748951911926269531e+00
3.928661108016967773e+00
4.059853553771972656e+00
4.490772247314453125e+00
1.511755943298339844e+00
1.288978338241577148e+00
4.837179660797119141e+00
4.973155975341796875e+00
1.015945672988891602e+00
5.916166901588439941e-01
3.984431028366088867e-01
8.510746955871582031e-01
6.916801333427429199e-01
5.786417722702026367e-01
2.983576655387878418e-01
4.701274633407592773e-01
6.600339412689208984e-01
9.346731901168823242e-01
2.735884487628936768e-01
4.650419652462005615e-01
5.051989555358886719e-01
1.092720627784729004e+00
1.232627272605895996e+00
1.355160921812057495e-01
6.431785821914672852e-01
2.706743776798248291e-01
9.840003848075866699e-01
9.096376895904541016e-01
1.342701196670532227e+00
1.983712241053581238e-02
1.988492906093597412e-02
1.975298300385475159e-02
1.977183856070041656e-02
1.961952634155750275e-02
1.982899010181427002e-02
