2.934950630255507287e-01
3.100561376232372490e-01
7.992201232154950985e-02
2.359392664382055083e-01
3.971543772264689576e-01
9.973727010939157367e-01
2.692511400292249002e-01
1.523269200817572167e-01
1.063213571049298825e-02
4.376895727898580390e-01
3.077769920876613496e-01
4.338093320943071651e-01
6.845595166762022954e-01
1.390942747685024183e-01
4.329104562196169903e-01
6.832554585399018832e-01
1.016110184073968581e+00
4.344676307850336983e+00
2.575687060815748275e+00
2.451050703188036639e+00
1.594066419020058634e+00
3.341503699437947006e+00
1.003814913371497752e+00
2.883157999070023347e+00
1.685276449519129027e+00
1.159816439128274368e+00
1.939964728405648264e+00
2.091170592320585886e+00
4.145120824463448983e+00
2.796144320915257442e+00
1.920818885856780733e+00
1.032937274187656351e+00
4.942649717419604016e+00
1.212171774730645080e+00
2.705327197344078005e+00
1.265090897540821047e+00
2.502356346194885006e+00
2.534265411253847411e+00
3.951593640912651750e-01
8.408482869056308484e-01
1.307145544721929120e+00
2.559460794357064362e-02
1.706037812353787542e-02
1.431593385516347405e+00
4.341923197261591261e-01
4.671340364810377954e-01
1.438369572689519149e+00
1.171410898169148229e+00
5.172530017081944376e-01
9.617351606929860353e-01
2.801790245738026153e-01
1.056501428618459304e+00
1.499540241787540307e+00
9.233182372318978759e-01
5.044159422054786956e-01
1.405781495564335293e+00
4.902214744876617347e-01
7.132062977894662037e-01
1.243073360879630995e-01
2.064044261001572456e-01
1.215898308977898662e-01
9.682252728817232479e-02
1.524785655791345285e-01
5.485900126408102540e-02
3.532799695168983151e-02
2.291772150459176274e-02
