1.326900245088090124e-01
2.526625160226286804e-01
1.000095872296482072e-02
7.757706227140176436e-01
1.699362424136710570e-01
6.123906070965221549e-01
1.871522787021727141e-01
4.124513865478396379e-01
5.240006525085787459e-01
3.393961716229495496e-01
9.999988873895164776e-01
7.557743738647021425e-01
1.732875612366329976e-01
5.246154559835692482e-02
3.094266589429993664e-01
4.384839785655973543e+00
1.000892337413340716e+00
4.899463072689558274e+00
1.032429741165728831e+00
3.266006578790845438e+00
1.453754511499065760e+00
2.147140049985266863e+00
1.709676182521734367e+00
1.747899148288921456e+00
2.183242873169515263e+00
1.000616192689863126e+00
2.111300616350359594e+00
1.309726868768938068e+00
2.955354123119422471e+00
1.000097174269059863e+00
1.146307972964066613e+00
1.032850606242105451e+00
1.164004497888345924e+00
1.132270591769187623e-02
1.410529336090110553e-01
1.245390851155998499e-02
1.230058813133482198e+00
1.499928567683948666e+00
1.490704331178581921e+00
2.721955626517392202e-01
1.318330785184655518e+00
1.326941626196269652e-01
7.175391230717927948e-01
1.410386288190572213e+00
1.002485332085412476e-02
2.460030844955308771e-01
9.685104821236437123e-02
7.438736231977333135e-01
1.553990714400255158e-02
1.481202998372753710e-01
2.895619484067207816e-01
2.061523939663768012e-01
9.099020848188668631e-02
2.153186733143506310e-02
7.422004773157184210e-02
