1.655984520912170410e-01
2.989408373832702637e-01
3.519123196601867676e-01
2.554601728916168213e-01
2.818738222122192383e-01
1.889093220233917236e-01
1.855590045452117920e-01
1.983296424150466919e-01
1.215077638626098633e-01
2.959798276424407959e-01
4.634067714214324951e-01
5.045393705368041992e-01
2.066387832164764404e-01
1.499228775501251221e-01
1.793213337659835815e-01
1.033457159996032715e+00
4.898798465728759766e+00
2.000000000000000000e+00
4.699979782104492188e+00
1.112082481384277344e+00
2.000000000000000000e+00
4.681353569030761719e+00
4.828234672546386719e+00
2.286177635192871094e+00
1.295207858085632324e+00
4.037926673889160156e+00
1.678354978561401367e+00
1.119087934494018555e+00
1.053928375244140625e+00
1.314954519271850586e+00
1.204612016677856445e+00
4.371034622192382812e+00
1.129271745681762695e+00
1.424645066261291504e+00
1.565340757369995117e+00
1.776461899280548096e-01
7.271011471748352051e-01
5.000000000000000000e-01
1.891302913427352905e-01
4.059461951255798340e-01
5.000000000000000000e-01
8.371121883392333984e-01
1.232825636863708496e+00
6.957891583442687988e-01
3.461382985115051270e-01
4.689379632472991943e-01
4.151508510112762451e-01
4.311813116073608398e-01
2.637105882167816162e-01
3.575659692287445068e-01
1.044997125864028931e-01
4.863676130771636963e-01
3.836504817008972168e-01
3.720505535602569580e-01
3.632059395313262939e-01
1.545490622520446777e-01
1.928093433380126953e-01
2.205892056226730347e-01
1.035168617963790894e-01
4.521614313125610352e-02
5.144796893000602722e-02
