1.314658969640731812e-01
1.725489199161529541e-01
7.340199351310729980e-01
5.122568607330322266e-01
1.546302139759063721e-01
1.663894057273864746e-01
1.557438671588897705e-01
2.012397348880767822e-02
2.255462706089019775e-01
2.117549479007720947e-01
2.043305337429046631e-01
4.761775135993957520e-01
2.023535519838333130e-01
1.283194571733474731e-01
1.345237791538238525e-01
1.020887374877929688e+00
4.949892997741699219e+00
4.900885581970214844e+00
2.060027122497558594e+00
4.217169761657714844e+00
1.011191725730895996e+00
4.935515403747558594e+00
4.985650062561035156e+00
4.709225654602050781e+00
1.456024289131164551e+00
1.143005251884460449e+00
4.124121665954589844e+00
1.060518741607666016e+00
1.058111786842346191e+00
1.578154087066650391e+00
1.036698341369628906e+00
1.799989461898803711e+00
1.285399317741394043e+00
3.350842952728271484e+00
1.162798643112182617e+00
1.955888569355010986e-01
6.280398368835449219e-01
2.541143000125885010e-01
1.490232795476913452e-01
1.263331294059753418e+00
1.139364317059516907e-01
4.102247059345245361e-01
3.817672431468963623e-01
6.486684083938598633e-01
5.602059960365295410e-01
4.373609721660614014e-01
3.597090244293212891e-01
3.990980088710784912e-01
7.717916369438171387e-01
4.252551794052124023e-01
3.828075826168060303e-01
4.904983043670654297e-01
7.413703799247741699e-01
4.537387490272521973e-01
3.353140354156494141e-01
4.985181987285614014e-02
4.980950430035591125e-02
4.974581673741340637e-02
4.923856258392333984e-02
4.979579895734786987e-02
4.967245459556579590e-02
