1.845242232084274292e-01
2.812596261501312256e-01
3.848464488983154297e-01
2.679663300514221191e-01
2.939003407955169678e-01
1.743640750646591187e-01
1.875424981117248535e-01
2.186466306447982788e-01
1.683158725500106812e-01
3.018982708454132080e-01
5.210931301116943359e-01
4.672731161117553711e-01
2.129270732402801514e-01
1.462240517139434814e-01
1.623572260141372681e-01
1.250944375991821289e+00
4.880011558532714844e+00
2.000000000000000000e+00
4.714336395263671875e+00
1.087323427200317383e+00
1.124093770980834961e+00
4.782248497009277344e+00
4.870574474334716797e+00
2.158265590667724609e+00
1.316833972930908203e+00
4.078598499298095703e+00
1.635088443756103516e+00
1.165810465812683105e+00
1.078132629394531250e+00
1.401613831520080566e+00
1.240166783332824707e+00
4.525245666503906250e+00
1.114535212516784668e+00
1.429817438125610352e+00
1.541021347045898438e+00
2.730895578861236572e-01
7.832212448120117188e-01
5.000000000000000000e-01
2.238984704017639160e-01
3.876295387744903564e-01
1.597957462072372437e-01
5.763194561004638672e-01
6.617113351821899414e-01
7.160835266113281250e-01
3.335218131542205811e-01
4.774996936321258545e-01
3.801304996013641357e-01
5.030446052551269531e-01
2.179820984601974487e-01
3.800224065780639648e-01
1.077184975147247314e-01
4.520296156406402588e-01
4.047600924968719482e-01
3.580037653446197510e-01
3.513017296791076660e-01
1.525540500879287720e-01
1.993428617715835571e-01
2.034286707639694214e-01
1.014695018529891968e-01
3.579516708850860596e-02
5.291437357664108276e-02
