1.630284190177917480e-01
2.953363955020904541e-01
3.288986384868621826e-01
2.387952506542205811e-01
2.850190401077270508e-01
2.030534148216247559e-01
1.851431727409362793e-01
1.977554857730865479e-01
5.441825389862060547e-01
2.966080605983734131e-01
4.605509042739868164e-01
7.811070680618286133e-01
2.108376026153564453e-01
1.594299226999282837e-01
1.976978778839111328e-01
1.033511638641357422e+00
4.877549171447753906e+00
2.000000000000000000e+00
4.694356441497802734e+00
1.118039131164550781e+00
1.056110024452209473e+00
4.740476131439208984e+00
4.168340682983398438e+00
2.452944278717041016e+00
1.242531657218933105e+00
4.104329109191894531e+00
1.338368415832519531e+00
1.111353754997253418e+00
1.180616855621337891e+00
1.247321724891662598e+00
1.256436109542846680e+00
4.388892173767089844e+00
1.112515568733215332e+00
1.364693522453308105e+00
1.557162523269653320e+00
1.665912866592407227e-01
7.219527959823608398e-01
5.000000000000000000e-01
1.889149844646453857e-01
4.051283597946166992e-01
2.633951306343078613e-01
1.750918030738830566e-01
8.130801320075988770e-01
6.793016791343688965e-01
3.219498395919799805e-01
4.374197721481323242e-01
4.927266538143157959e-01
5.702409744262695312e-01
2.429121136665344238e-01
2.832835614681243896e-01
1.080888286232948303e-01
5.290380716323852539e-01
3.269996345043182373e-01
3.575981855392456055e-01
3.455621600151062012e-01
1.552762836217880249e-01
1.930652409791946411e-01
2.087834328413009644e-01
1.118200346827507019e-01
4.968401789665222168e-02
5.420804023742675781e-02
