7.839558759920740805e+00
1.513650014530797394e+00
4.117460189894752154e-01
8.361925277922903355e-02
1.570237367652965066e+00
1.053487673750111431e-02
4.202254146663557760e-07
5.880113738200473117e-01
4.161841173880020395e-01
2.765691912214529591e+00
5.540197807299741539e-01
1.191945863475904754e-01
1.801553619020894281e+00
4.998574563399365900e+00
1.000270193469171343e+00
2.196586424438910612e+00
4.996224157950249989e+00
2.802204869227858275e+00
2.133368755766868130e+00
1.383465562368020318e+00
1.272640957386334204e+00
1.785337117958197162e+00
1.439063015990242222e+00
1.043603714976863328e+00
1.000520535684319423e+00
2.980303125256410723e+00
1.903744262178403091e+00
3.261249225451478218e+00
1.713366399816129260e+00
9.529957971091046476e-01
1.499842114860865605e+00
1.013005237314461640e-02
1.639849932572943758e-01
8.634247729626277623e-01
2.257664332913170979e-01
1.640169514325855171e-02
1.935506482331359607e-02
5.178017734552440438e-02
1.253178016288164671e-02
5.374319327135822499e-01
9.643626318621860427e-02
7.910638823034721323e-02
4.593473801507933496e-01
6.605558116115830547e-01
1.769653790834870705e-02
1.487638869377847506e-01
1.975448102616846890e-01
3.990979107733302195e-02
5.248037769927110796e-02
6.971757362379649159e-02
