1.320641636848449707e-01
1.696231961250305176e-01
7.464230060577392578e-01
5.158345699310302734e-01
2.162222415208816528e-01
1.438746154308319092e-01
1.536558270454406738e-01
2.093122154474258423e-02
7.663748413324356079e-02
2.093203812837600708e-01
1.556210070848464966e-01
3.979031145572662354e-01
2.082362473011016846e-01
2.027905732393264771e-01
1.354857087135314941e-01
1.015627622604370117e+00
4.924707412719726562e+00
4.808705329895019531e+00
1.605883121490478516e+00
3.975988864898681641e+00
1.015785217285156250e+00
4.936805725097656250e+00
4.992805004119873047e+00
4.599872589111328125e+00
1.193055629730224609e+00
1.501701951026916504e+00
4.427427768707275391e+00
1.584769010543823242e+00
1.060815453529357910e+00
1.380376696586608887e+00
1.072534203529357910e+00
4.781910896301269531e+00
1.416697025299072266e+00
3.736960411071777344e+00
1.237614750862121582e+00
1.998974978923797607e-01
6.276232004165649414e-01
3.313338458538055420e-01
1.423193663358688354e-01
1.236199140548706055e+00
6.827149540185928345e-02
4.352289140224456787e-01
3.881285488605499268e-01
7.169739007949829102e-01
5.452021956443786621e-01
4.349335730075836182e-01
4.048370420932769775e-01
6.898803114891052246e-01
3.498278260231018066e-01
1.629101186990737915e-01
8.032522201538085938e-01
6.743836402893066406e-01
8.291986584663391113e-01
4.090089499950408936e-01
4.209688007831573486e-01
4.985271394252777100e-02
4.982368648052215576e-02
4.975628852844238281e-02
4.946209117770195007e-02
4.981056973338127136e-02
4.954503849148750305e-02
