1.528859310079683897e+00
2.241743674861897961e+00
1.558655191600796797e-01
9.131119825725781958e-01
4.132634543828161422e-01
7.738199793663815829e-01
5.707989963523130150e-01
3.548207864987787952e-01
8.019587798467547879e-01
7.885622260545745998e-01
8.472759336289332754e-01
2.890178076177061239e+00
1.207978243177574518e+00
8.887341101976492519e-02
5.020669849552719111e-01
6.458132338109994208e-01
2.047744939923227925e+00
3.863152045713072802e+00
1.783073519663993967e+00
1.822098205827734407e+00
1.718360019874748845e+00
1.841616573813202873e+00
2.018629682073098675e+00
2.740150490668662897e+00
1.017293137429900574e+00
1.577593800111885214e+00
1.215664682842972244e+00
1.925642271653989601e+00
3.111181332942136724e+00
1.484973861125877814e+00
1.214051217372907887e+00
1.798172437000826962e+00
4.481038882764029729e+00
1.792390412035722580e+00
1.505485054474845041e+00
1.400671790872037858e+00
1.267905137202215649e+00
3.391400858849205058e+00
8.121962599575366371e-01
1.409648261723147833e+00
1.424342562081800656e+00
1.899669854241364531e-01
1.789201367275762289e-01
4.919490527988519268e-01
1.373857292734410152e+00
2.239806070715511521e-01
5.169927763559148959e-01
1.418743650586391736e+00
1.089433273532989688e+00
9.950788147900206937e-01
1.627572308058102823e-01
7.793556857512357050e-01
1.354919603475357004e+00
7.872210528388896567e-01
4.306732168728911181e-01
1.477702450261234812e+00
4.297685564118059465e-01
9.076654582210194055e-01
6.647108043105363073e-01
8.896398554545114079e-01
1.816216061872246712e-01
2.578466613462473411e-01
1.875130390456281326e-01
4.659232060240332124e-02
3.830829771496578606e-02
5.121748078914367674e-02
