3.171791434288024902e-01
1.186828538775444031e-01
4.927299618721008301e-01
2.243697643280029297e-01
1.760980039834976196e-01
1.055031344294548035e-01
1.437459737062454224e-01
6.645760685205459595e-02
9.363752603530883789e-02
2.486463338136672974e-01
2.810846567153930664e-01
4.537024199962615967e-01
1.420951932668685913e-01
1.330001205205917358e-01
1.536806225776672363e-01
4.472584724426269531e+00
4.243105888366699219e+00
2.614977836608886719e+00
4.595977783203125000e+00
1.665034294128417969e+00
3.914292812347412109e+00
4.434998035430908203e+00
4.572930335998535156e+00
1.636186838150024414e+00
1.635143637657165527e+00
3.522910356521606445e+00
2.671664953231811523e+00
2.210955142974853516e+00
1.225468873977661133e+00
2.734184741973876953e+00
1.058570027351379395e+00
1.870960474014282227e+00
1.456914067268371582e+00
3.230866909027099609e+00
1.296534538269042969e+00
5.398949980735778809e-01
8.590296506881713867e-01
8.245950937271118164e-01
4.893136918544769287e-01
4.286383390426635742e-01
3.707535564899444580e-01
5.846816897392272949e-01
3.629422187805175781e-01
5.918424725532531738e-01
3.186703920364379883e-01
4.557997882366180420e-01
1.851482242345809937e-01
5.430014133453369141e-01
8.005421757698059082e-01
5.028754472732543945e-01
5.367052555084228516e-02
4.021424949169158936e-01
9.871088266372680664e-01
2.431589961051940918e-01
3.969224989414215088e-01
1.979150809347629547e-02
1.979247853159904480e-02
1.956367306411266327e-02
1.974143832921981812e-02
1.966758072376251221e-02
1.950427144765853882e-02
