1.327156665013143333e-01
9.976722067264365279e-01
6.324959135450082259e-01
9.999267732039990308e-01
5.092890849957133481e-01
7.372195444941088693e-01
1.919329969461063823e-01
3.958059029087262481e-01
4.949859414130654001e-01
3.445689595086992574e-01
9.481292691437802622e-01
7.127640432983571861e-01
4.624151081368383931e-01
3.875928207343460885e-01
4.630488355141665902e-01
4.902756042191809271e+00
1.755045181391104103e+00
4.914320710128231795e+00
2.971044777736534748e+00
1.240680922315902546e+00
2.682575659435590953e+00
1.225957728096696009e+00
2.130095928376184666e+00
4.935592949461192980e+00
1.000151651360952298e+00
1.187789831525055240e+00
4.999870237926669958e+00
4.896998083640262678e+00
1.000004028089078512e+00
1.000311631385825795e+00
1.001246102073830135e+00
1.000032828146725450e+00
1.107172953453317898e+00
1.093091203955457003e+00
2.741982443227554134e-01
1.033642900992880198e-02
1.547369105351056595e-01
1.499481587760068679e+00
9.347777985177603277e-01
1.287198468619925151e+00
4.371519943948126152e-01
2.111497256359925190e-01
1.190877072700050165e+00
6.122546914437869692e-01
1.499915719693114990e+00
2.241127072566220790e-01
5.988580266663924290e-01
6.933689036459197430e-01
9.944276977231486514e-02
1.543026629564442087e-01
2.499711918649667741e-01
2.085712598476126278e-01
1.001394444911589193e-03
1.244803062558969995e-03
1.071316019545099363e-01
