5.207650661468505859e-01
3.930762112140655518e-01
2.199144363403320312e-01
5.364208221435546875e-01
1.137861609458923340e-01
3.678430020809173584e-01
2.161885499954223633e-01
3.577104210853576660e-01
3.220055699348449707e-01
3.167537152767181396e-01
8.426393866539001465e-01
6.902046799659729004e-01
3.739729821681976318e-01
1.329017728567123413e-01
3.432766199111938477e-01
1.114548563957214355e+00
1.105174064636230469e+00
4.995579719543457031e+00
4.944229602813720703e+00
4.851204872131347656e+00
4.470368385314941406e+00
1.073922634124755859e+00
2.509318351745605469e+00
4.482374668121337891e+00
1.652711749076843262e+00
4.063477516174316406e+00
1.953623056411743164e+00
2.058449268341064453e+00
3.949046134948730469e+00
1.102162718772888184e+00
1.094227313995361328e+00
1.330689907073974609e+00
1.182824000716209412e-01
2.998647391796112061e-01
2.392535358667373657e-01
8.772933483123779297e-01
1.413601040840148926e+00
1.046820044517517090e+00
6.795681715011596680e-01
6.393233537673950195e-01
7.649322748184204102e-01
1.011626124382019043e+00
2.255894243717193604e-01
1.146490946412086487e-01
1.025535017251968384e-01
5.098494291305541992e-01
5.116988420486450195e-01
4.980869293212890625e-01
4.416759610176086426e-01
1.637046188116073608e-01
2.469463646411895752e-01
2.271503061056137085e-01
1.105323657393455505e-01
5.937539786100387573e-02
7.228286564350128174e-02
