1.808501780033111572e-01
3.621485233306884766e-01
8.662731647491455078e-01
5.169073343276977539e-01
2.204165160655975342e-01
1.418753117322921753e-01
1.648736596107482910e-01
2.216739021241664886e-02
4.644260555505752563e-02
2.404178529977798462e-01
1.366659700870513916e-01
4.586251080036163330e-01
2.512032091617584229e-01
2.029105722904205322e-01
1.305929571390151978e-01
1.764400362968444824e+00
4.858413219451904297e+00
4.855601787567138672e+00
1.048774719238281250e+00
1.087289214134216309e+00
1.107424616813659668e+00
4.902089595794677734e+00
4.994330406188964844e+00
4.589138984680175781e+00
1.207030415534973145e+00
4.893314361572265625e+00
2.811385154724121094e+00
1.122791767120361328e+00
4.288624763488769531e+00
1.836167812347412109e+00
1.551197052001953125e+00
2.317867040634155273e+00
2.674885034561157227e+00
3.689760684967041016e+00
1.154998779296875000e+00
1.187643170356750488e+00
3.849636614322662354e-01
7.087546586990356445e-01
5.787134170532226562e-01
4.868956208229064941e-01
9.637293815612792969e-01
8.056372404098510742e-02
4.874778389930725098e-01
3.802751600742340088e-01
8.362904191017150879e-01
2.711581289768218994e-01
6.286513805389404297e-01
2.934439182281494141e-01
3.945690095424652100e-01
1.398357748985290527e-01
3.328543007373809814e-01
4.632441401481628418e-01
7.175275683403015137e-01
1.000994205474853516e+00
3.803517818450927734e-01
5.120564103126525879e-01
5.346627235412597656e-01
1.990902423858642578e-02
1.989008300006389618e-02
1.979777216911315918e-02
1.941280625760555267e-02
1.980694197118282318e-02
1.983967609703540802e-02
