1.131950542330741882e-01
3.366659283638000488e-01
5.881693959236145020e-01
2.649148404598236084e-01
1.941111534833908081e-01
1.499830186367034912e-01
1.557166874408721924e-01
2.787103317677974701e-02
2.590440213680267334e-01
2.159515768289566040e-01
3.522977232933044434e-01
5.478931069374084473e-01
2.376259416341781616e-01
2.159293293952941895e-01
1.154863610863685608e-01
1.013469457626342773e+00
4.964569091796875000e+00
4.919882774353027344e+00
1.061941504478454590e+00
4.852329254150390625e+00
1.030954957008361816e+00
4.841707229614257812e+00
4.982916831970214844e+00
3.866223096847534180e+00
1.166425704956054688e+00
4.724267959594726562e+00
4.339725494384765625e+00
2.068530082702636719e+00
2.127694129943847656e+00
1.311950802803039551e+00
1.150542974472045898e+00
4.755008697509765625e+00
1.290927648544311523e+00
2.887134552001953125e+00
1.165555119514465332e+00
8.067231625318527222e-02
5.498379468917846680e-01
5.013394355773925781e-01
4.295451045036315918e-01
5.353384613990783691e-01
9.813187271356582642e-02
4.116462767124176025e-01
3.907309770584106445e-01
9.354740977287292480e-01
1.902515143156051636e-01
6.456573605537414551e-01
4.311146438121795654e-01
6.923014521598815918e-01
9.549731612205505371e-01
1.442564129829406738e-01
6.376712322235107422e-01
7.595129013061523438e-01
9.584463834762573242e-01
4.345054924488067627e-01
3.341933488845825195e-01
4.981886968016624451e-02
4.957946017384529114e-02
4.977388307452201843e-02
4.965882748365402222e-02
4.965022951364517212e-02
4.939919337630271912e-02
