1.254758983850479126e-01
2.718229591846466064e-01
3.500388264656066895e-01
2.890802025794982910e-01
1.746352910995483398e-01
1.982053071260452271e-01
1.856259107589721680e-01
1.994044482707977295e-01
1.230479925870895386e-01
3.075866699218750000e-01
4.621934294700622559e-01
5.096492171287536621e-01
2.233328670263290405e-01
1.579530686140060425e-01
1.924949735403060913e-01
2.000000000000000000e+00
4.618301868438720703e+00
1.135237216949462891e+00
4.661259651184082031e+00
4.698726654052734375e+00
4.839610099792480469e+00
2.210866451263427734e+00
1.382176280021667480e+00
4.167516708374023438e+00
2.370229005813598633e+00
1.141691684722900391e+00
1.045353889465332031e+00
1.249520182609558105e+00
1.059981703758239746e+00
3.686138153076171875e+00
1.065851330757141113e+00
1.379078865051269531e+00
1.575438976287841797e+00
5.000000000000000000e-01
9.709736704826354980e-01
4.904200434684753418e-01
2.112982571125030518e-01
8.444344401359558105e-01
1.258502721786499023e+00
7.511495947837829590e-01
3.478012084960937500e-01
5.365663766860961914e-01
3.943543732166290283e-01
3.520404398441314697e-01
3.743434250354766846e-01
3.436728715896606445e-01
2.488852888345718384e-01
5.004801750183105469e-01
3.545823097229003906e-01
3.710831403732299805e-01
3.663279712200164795e-01
1.545886248350143433e-01
1.938147395849227905e-01
2.224489152431488037e-01
8.328926563262939453e-02
5.445807054638862610e-02
5.632578209042549133e-02
